"Status","Start Time","Stop Time","Duration in ms","Parent Suite","Suite","Sub Suite","Test Class","Test Method","Name","Description"
"passed","Fri Jul 09 18:58:27 GMT+08:00 2021","Fri Jul 09 18:58:27 GMT+08:00 2021","85","testCase","test","Testcase","","","验证码错误登录","这是测试用例用例1的描述信息"
"passed","Fri Jul 09 18:58:27 GMT+08:00 2021","Fri Jul 09 18:58:27 GMT+08:00 2021","115","testCase","test","Testcase","","","密码错误登录","这是测试用例用例1的描述信息"
"passed","Fri Jul 09 18:58:27 GMT+08:00 2021","Fri Jul 09 18:58:27 GMT+08:00 2021","102","testCase","test","Testcase","","","账号错误登录","这是测试用例用例1的描述信息"
"passed","Fri Jul 09 18:58:27 GMT+08:00 2021","Fri Jul 09 18:58:27 GMT+08:00 2021","210","testCase","test","Testcase","","","正常登录","这是测试用例用例1的描述信息"
